0.182
0.212
0.212
0.226
0.568
0.642
0.656
0.702
0.542
0.692
0.754
0.71
0.706
0.724
0.734
0.736
0.748
0.69
0.698
0.728
0.69
0.74
0.76
0.768
0.75
0.746
0.738
0.746
0.748
0.756
0.774
0.774
0.768
0.768
0.746
0.728
0.736
0.754
0.77
0.772
0.768
0.77
0.778
0.758
0.762
0.746
0.734
0.742
0.76
0.754
0.762
0.762
0.756
0.742
0.74
0.736
0.736
0.738
0.736
0.738
0.726
0.74
0.696
0.73
0.72
0.72
0.724
0.748
0.764
0.76
0.76
0.758
0.758
0.756
0.762
0.766
0.764
0.76
0.752
0.758
0.746
0.76
0.76
0.76
0.766
0.764
0.76
0.75
0.746
0.726
0.722
0.738
0.758
0.77
0.778
0.772
0.782
0.764
0.758
0.746
0.75
0.748
0.766
0.766
0.77
0.76
0.768
0.752
0.74
0.762
0.76
0.752
0.752
0.738
0.742
0.746
0.736
0.758
0.746
0.71
0.752
0.742
0.736
0.744
0.75
0.756
0.766
0.748
0.706
0.666
0.712
0.74
0.75
0.76
0.76
0.762
0.77
0.766
0.77
0.764
0.766
0.766
0.764
0.77
0.778
0.786
0.782
0.77
0.77
0.766
0.76
0.748
0.736
0.742
0.738
0.742
0.742
0.75
0.752
0.752
0.736
0.748
0.762
0.758
0.748
0.726
0.726
0.728
0.738
0.754
0.758
0.738
0.738
0.75
0.752
0.76
0.776
0.758
0.724
0.764
0.754
0.752
0.746
0.736
0.744
0.738
0.744
0.756
0.748
0.75
0.756
0.764
0.77
0.772
0.75
0.75
0.75
0.748
0.744
0.736
0.742
0.748
0.756
0.768
0.772
0.768
0.764
0.752
0.75
0.76
0.778
0.748
0.756
0.77
0.776
0.766
0.766
0.746
0.758
0.768
0.766
0.776
0.77
0.764
0.758
0.762
0.768
0.768
0.772
0.774
0.76
0.762
0.752
0.748
0.752
0.748
0.738
0.736
0.742
0.758
0.766
0.766
0.762
0.762
0.76
0.76
0.762
0.762
0.768
0.756
0.768
0.766
0.764
0.764
0.762
0.766
0.762
0.764
0.758
0.752
0.742
0.766
0.776
0.778
0.774
0.772
0.772
0.772
0.764
0.744
0.758
0.756
0.756
0.762
0.74
0.752
0.74
0.736
0.736
0.72
0.75
0.776
0.764
0.764
0.766
0.772
0.762
0.744
0.736
0.738
0.756
0.77
0.76
0.766
0.772
0.778
0.778
0.754
0.758
0.758
