0.326

0.198

0.184

0.3

0.438

0.548

0.604

0.584

0.672

0.678

0.752

0.72

0.68

0.676

0.744

0.74

0.736

0.718

0.68

0.714

0.756

0.744

0.734

0.752

0.752

0.74

0.736

0.734

0.738

0.74

0.746

0.75

0.75

0.75

0.754

0.764

0.752

0.752

0.746

0.746

0.738

0.746

0.742

0.744

0.75

0.756

0.758

0.752

0.76

0.752

0.756

0.758

0.758

0.758

0.746

0.742

0.742

0.738

0.742

0.744

0.748

0.75

0.75

0.744

0.744

0.746

0.748

0.75

0.746

0.742

0.738

0.748

0.758

0.764

0.762

0.752

0.758

0.754

0.756

0.748

0.746

0.754

0.752

0.742

0.752

0.754

0.766

0.758

0.758

0.756

0.752

0.75

0.754

0.748

0.736

0.74

0.742

0.742

0.756

0.736

0.738

0.74

0.752

0.752

0.754

0.744

0.742

0.752

0.766

0.756

0.758

0.762

0.754

0.744

0.738

0.744

0.754

0.762

0.758

0.746

0.744

0.74

0.744

0.742

0.716

0.7

0.73

0.718

0.746

0.69

0.75

0.774

0.754

0.744

0.748

0.748

0.76

0.75

0.748

0.742

0.744

0.758

0.762

0.764

0.76

0.76

0.762

0.756

0.752

0.754

0.754

0.76

0.76

0.758

0.742

0.75

0.756

0.754

0.748

0.744

0.74

0.75

0.756

0.756

0.756

0.75

0.744

0.742

0.754

0.736

0.742

0.748

0.758

0.752

0.764

0.756

0.744

0.75

0.76

0.76

0.752

0.744

0.752

0.768

0.784

0.782

0.774

0.78

0.782

0.786

0.786

0.788

0.79

0.786

0.778

0.774

0.776

0.772

0.764

0.772

0.77

0.77

0.774

0.78

0.782

0.786

0.784

0.782

0.778

0.78

0.772

0.776

0.776

0.77

0.77

0.774

0.774

0.77

0.772

0.772

0.78

0.776

0.772

0.774

0.766

0.766

0.766

0.762

0.768

0.77

0.772

0.766

0.76

0.758

0.762

0.766

0.766

0.768

0.768

0.768

0.77

0.772

0.76

0.758

0.768

0.762

0.764

0.764

0.766

0.768

0.772

0.768

0.774

0.774

0.768

0.76

0.752

0.754

0.76

0.762

0.766

0.752

0.756

0.756

0.764

0.758

0.76

0.762

0.758

0.758

0.752

0.75

0.75

0.754

0.756

0.742

0.758

0.762

0.76

0.758

0.75

0.756

0.752

0.754

0.738

0.744

0.748

0.74

0.758

0.76

0.722

0.758

0.76

0.754

0.75

0.736

0.748

0.772

0.762

0.748

0.134
0.176
0.226
0.272
0.474
0.538
0.554
0.514
0.722
0.634
0.758
0.752
0.77
0.78
0.772
0.774
0.76
0.742
0.738
0.76
0.766
0.764
0.76
0.744
0.742
0.754
0.768
0.758
0.754
0.76
0.748
0.752
0.752
0.748
0.744
0.75
0.75
0.75
0.754
0.758
0.76
0.76
0.764
0.756
0.774
0.774
0.778
0.774
0.77
0.768
0.772
0.774
0.778
0.764
0.756
0.764
0.774
0.772
0.762
0.766
0.772
0.774
0.766
0.774
0.77
0.774
0.78
0.78
0.774
0.766
0.766
0.768
0.754
0.754
0.736
0.752
0.768
0.77
0.772
0.774
0.782
0.77
0.76
0.752
0.728
0.732
0.746
0.762
0.762
0.776
0.772
0.764
0.756
0.744
0.764
0.768
0.74
0.728
0.74
0.75
0.754
0.742
0.73
0.722
0.752
0.756
0.764
0.764
0.764
0.766
0.78
0.764
0.772
0.77
0.768
0.768
0.76
0.77
0.788
0.77
0.782
0.766
0.756
0.738
0.734
0.76
0.764
0.762
0.754
0.762
0.768
0.754
0.754
0.76
0.764
0.756
0.748
0.746
0.754
0.758
0.754
0.76
0.762
0.766
0.766
0.768
0.764
0.764
0.766
0.766
0.762
0.76
0.758
0.764
0.766
0.764
0.762
0.76
0.76
0.764
0.756
0.742
0.752
0.77
0.722
0.758
0.742
0.72
0.706
0.716
0.742
0.738
0.75
0.76
0.762
0.766
0.758
0.758
0.75
0.738
0.74
0.742
0.744
0.746
0.744
0.762
0.768
0.772
0.76
0.766
0.766
0.768
0.774
0.774
0.772
0.776
0.776
0.778
0.772
0.766
0.758
0.768
0.746
0.748
0.758
0.76
0.766
0.758
0.754
0.754
0.762
0.77
0.764
0.76
0.752
0.754
0.74
0.768
0.75
0.764
0.764
0.75
0.746
0.752
0.764
0.768
0.766
0.762
0.766
0.774
0.774
0.772
0.764
0.76
0.756
0.756
0.756
0.738
0.728
0.722
0.728
0.744
0.758
0.758
0.762
0.772
0.776
0.774
0.766
0.752
0.758
0.77
0.75
0.77
0.77
0.77
0.748
0.71
0.694
0.764
0.782
0.742
0.756
0.762
0.762
0.768
0.762
0.754
0.758
0.764
0.756
0.75
0.766
0.77
0.764
0.774
0.766
0.752
0.764
0.766
0.77
0.776
0.776
0.77
0.772
0.766
0.766
0.764
0.764
0.766
0.768
0.774
0.77
0.768
0.762
0.758
0.754
0.746
0.746
0.744
0.2740.410.4080.4320.4740.6980.6840.7040.5440.6940.690.7520.7580.7540.7740.7880.7360.7140.6960.7420.7360.740.7520.7520.7620.7660.7820.7720.7620.7440.740.7380.7420.7620.7620.7640.7760.790.7860.7860.7820.7720.770.7720.7720.7720.7660.7720.7780.7820.780.7680.7660.760.7580.7680.7740.7740.7840.7880.7840.7860.7860.7780.7720.7540.760.7820.7740.780.7780.7760.7760.7680.7460.7860.770.7660.7860.780.7680.7680.7720.7740.7720.7720.7680.770.770.7640.7620.7680.7640.7840.8020.7980.7920.7960.7960.7880.790.790.7840.780.770.7720.7680.770.7740.7860.7880.7860.7860.7780.780.7920.790.7780.7740.7680.7660.7580.7620.7520.7640.7760.7860.7840.7720.7680.7640.760.7620.770.780.7840.780.7720.7780.780.770.7780.7720.7680.7660.7640.7580.760.760.7560.7560.780.7680.7640.770.770.7460.7440.7680.7680.7660.7740.7680.7660.7660.7580.7560.750.7380.7380.7420.7440.7520.760.7660.7660.7720.7760.7720.770.7680.7660.7680.7620.7640.7620.7620.7620.7760.7880.7920.7840.7820.7840.7740.770.7820.7620.7620.750.750.770.760.760.7460.7440.7240.7280.7320.7260.750.7560.7360.7440.750.7360.7640.7660.7620.7740.7820.7780.7740.7580.7480.7520.7520.7460.750.760.7660.7580.7520.7420.750.7520.7540.760.7680.7680.7660.7560.760.7580.7540.7560.7520.7540.7640.7560.7720.770.770.7680.750.7440.7560.7540.7480.7460.7480.7460.760.7680.770.7640.7740.7660.7660.7640.760.770.7680.7640.7640.7720.7660.760.7580.7580.750.7620.7640.7660.760.760.7580.7640.760.7640.7680.7640.7660.7620.7620.7680.7560.760.7640.770.248
0.32
0.314
0.398
0.538
0.614
0.774
0.63
0.686
0.786
0.784
0.76
0.754
0.75
0.752
0.772
0.776
0.79
0.776
0.758
0.792
0.792
0.78
0.77
0.77
0.76
0.784
0.782
0.778
0.792
0.784
0.786
0.786
0.768
0.76
0.76
0.752
0.75
0.758
0.77
0.766
0.766
0.782
0.776
0.774
0.77
0.776
0.774
0.756
0.74
0.736
0.776
0.788
0.774
0.766
0.778
0.776
0.768
0.776
0.774
0.788
0.786
0.78
0.78
0.786
0.788
0.778
0.776
0.78
0.768
0.768
0.764
0.77
0.79
0.782
0.78
0.774
0.764
0.77
0.784
0.772
0.762
0.77
0.776
0.76
0.76
0.776
0.774
0.762
0.784
0.784
0.784
0.774
0.754
0.74
0.746
0.75
0.758
0.762
0.768
0.762
0.758
0.76
0.746
0.76
0.772
0.77
0.776
0.77
0.77
0.77
0.774
0.768
0.746
0.744
0.752
0.786
0.784
0.776
0.768
0.77
0.762
0.758
0.756
0.764
0.768
0.77
0.77
0.756
0.76
0.774
0.778
0.766
0.77
0.766
0.764
0.756
0.766
0.766
0.77
0.774
0.77
0.77
0.772
0.78
0.782
0.776
0.768
0.762
0.762
0.752
0.75
0.752
0.744
0.746
0.75
0.746
0.748
0.744
0.736
0.734
0.766
0.768
0.746
0.75
0.784
0.75
0.726
0.764
0.756
0.732
0.722
0.752
0.73
0.696
0.692
0.728
0.728
0.764
0.786
0.768
0.786
0.782
0.776
0.768
0.77
0.776
0.768
0.76
0.762
0.754
0.76
0.756
0.748
0.756
0.764
0.77
0.766
0.766
0.76
0.764
0.762
0.76
0.748
0.766
0.768
0.764
0.772
0.766
0.764
0.762
0.756
0.764
0.766
0.76
0.762
0.76
0.762
0.764
0.768
0.768
0.764
0.766
0.772
0.772
0.75
0.774
0.766
0.73
0.732
0.76
0.772
0.768
0.768
0.778
0.768
0.78
0.764
0.75
0.748
0.754
0.754
0.76
0.764
0.762
0.76
0.75
0.75
0.758
0.76
0.752
0.746
0.762
0.746
0.74
0.738
0.758
0.754
0.756
0.756
0.756
0.762
0.772
0.768
0.766
0.762
0.774
0.764
0.766
0.774
0.774
0.776
0.762
0.774
0.766
0.772
0.756
0.764
0.762
0.764
0.756
0.764
0.752
0.756
0.764
0.776
0.768
0.76
0.754
0.75
0.75
0.74
0.746
0.746
0.752
0.762
0.75
0.748
0.75
0.752
