0.332
0.092
0.124
0.058
0.34
0.39
0.22
0.444
0.466
0.504
0.458
0.582
0.564
0.594
0.558
0.592
0.604
0.666
0.712
0.722
0.696
0.686
0.696
0.714
0.722
0.728
0.72
0.758
0.758
0.744
0.724
0.702
0.728
0.736
0.736
0.72
0.728
0.734
0.734
0.744
0.744
0.75
0.758
0.756
0.76
0.762
0.752
0.732
0.724
0.734
0.748
0.748
0.75
0.748
0.76
0.76
0.76
0.758
0.756
0.75
0.756
0.756
0.746
0.758
0.78
0.772
0.768
0.77
0.768
0.77
0.776
0.776
0.78
0.778
0.768
0.752
0.736
0.75
0.762
0.748
0.748
0.754
0.732
0.74
0.742
0.754
0.766
0.77
0.77
0.768
0.766
0.768
0.768
0.756
0.752
0.756
0.758
0.762
0.772
0.774
0.772
0.774
0.78
0.776
0.778
0.774
0.782
0.788
0.79
0.782
0.788
0.782
0.782
0.772
0.764
0.712
0.744
0.776
0.754
0.764
0.742
0.73
0.74
0.766
0.752
0.76
0.654
0.742
0.762
0.756
0.754
0.752
0.778
0.734
0.742
0.75
0.758
0.752
0.746
0.754
0.758
0.76
0.756
0.754
0.764
0.756
0.754
0.754
0.758
0.76
0.768
0.772
0.76
0.76
0.764
0.77
0.774
0.78
0.774
0.764
0.784
0.78
0.772
0.752
0.762
0.762
0.756
0.742
0.744
0.754
0.758
0.766
0.752
0.756
0.76
0.754
0.752
0.75
0.752
0.762
0.768
0.764
0.76
0.76
0.758
0.76
0.754
0.752
0.752
0.752
0.76
0.758
0.746
0.77
0.764
0.766
0.758
0.754
0.742
0.742
0.754
0.724
0.738
0.688
0.736
0.688
0.72
0.604
0.774
0.698
0.744
0.76
0.744
0.746
0.752
0.758
0.75
0.75
0.76
0.774
0.78
0.79
0.792
0.78
0.772
0.78
0.766
0.764
0.748
0.752
0.754
0.76
0.764
0.77
0.762
0.77
0.776
0.778
0.78
0.772
0.766
0.764
0.766
0.772
0.762
0.76
0.766
0.768
0.768
0.768
0.77
0.768
0.778
0.78
0.78
0.778
0.776
0.78
0.782
0.786
0.782
0.786
0.786
0.778
0.772
0.772
0.772
0.774
0.78
0.786
0.79
0.79
0.786
0.792
0.792
0.794
0.8
0.792
0.792
0.788
0.784
0.784
0.782
0.786
0.788
0.782
0.786
0.792
0.786
0.782
0.78
0.784
0.784
0.79
0.78
0.776
0.772
0.784
0.788
0.788
