0.334
0.33
0.354
0.378
0.354
0.43
0.372
0.274
0.628
0.62
0.658
0.58
0.672
0.696
0.68
0.648
0.744
0.706
0.722
0.716
0.752
0.752
0.736
0.764
0.768
0.732
0.72
0.664
0.71
0.692
0.67
0.766
0.748
0.758
0.78
0.748
0.714
0.712
0.722
0.74
0.764
0.762
0.764
0.764
0.776
0.782
0.752
0.752
0.752
0.748
0.752
0.736
0.772
0.786
0.784
0.772
0.76
0.762
0.738
0.764
0.762
0.76
0.762
0.766
0.77
0.766
0.776
0.78
0.782
0.766
0.748
0.736
0.732
0.726
0.724
0.726
0.73
0.74
0.744
0.744
0.748
0.754
0.756
0.752
0.746
0.748
0.748
0.754
0.762
0.754
0.772
0.776
0.778
0.76
0.762
0.764
0.772
0.784
0.784
0.768
0.774
0.764
0.758
0.766
0.75
0.746
0.756
0.75
0.744
0.75
0.724
0.724
0.752
0.75
0.756
0.746
0.758
0.78
0.774
0.754
0.692
0.752
0.764
0.786
0.748
0.744
0.75
0.736
0.716
0.75
0.79
0.794
0.784
0.788
0.786
0.792
0.8
0.798
0.794
0.782
0.778
0.768
0.762
0.754
0.75
0.75
0.754
0.756
0.754
0.754
0.762
0.768
0.764
0.762
0.77
0.772
0.764
0.768
0.77
0.76
0.758
0.77
0.772
0.768
0.766
0.782
0.788
0.774
0.768
0.77
0.774
0.77
0.772
0.766
0.758
0.758
0.754
0.778
0.782
0.76
0.772
0.772
0.74
0.742
0.762
0.762
0.776
0.776
0.78
0.776
0.776
0.778
0.774
0.758
0.756
0.744
0.738
0.734
0.742
0.744
0.744
0.754
0.758
0.756
0.758
0.762
0.754
0.758
0.748
0.752
0.752
0.756
0.764
0.764
0.768
0.768
0.776
0.77
0.768
0.764
0.77
0.766
0.754
0.748
0.738
0.75
0.76
0.76
0.76
0.766
0.748
0.756
0.754
0.756
0.758
0.754
0.758
0.76
0.754
0.778
0.752
0.756
0.706
0.76
0.77
0.77
0.746
0.718
0.728
0.75
0.75
0.75
0.756
0.762
0.758
0.75
0.73
0.734
0.746
0.756
0.766
0.77
0.768
0.766
0.766
0.752
0.752
0.75
0.766
0.75
0.736
0.752
0.738
0.746
0.746
0.754
0.754
0.752
0.738
0.752
0.756
0.764
0.758
0.77
0.766
0.762
0.764
0.76
0.756
0.754
0.76
0.762
0.764
0.772
0.774
0.772
0.764
0.758
0.756
0.754
