0.254
0.122
0.122
0.122
0.122
0.136
0.182
0.166
0.24
0.396
0.362
0.386
0.436
0.448
0.6
0.574
0.59
0.552
0.654
0.516
0.578
0.58
0.69
0.634
0.636
0.57
0.658
0.67
0.706
0.616
0.57
0.666
0.628
0.648
0.64
0.624
0.648
0.648
0.662
0.664
0.624
0.604
0.582
0.626
0.67
0.688
0.634
0.684
0.716
0.668
0.598
0.674
0.68
0.678
0.64
0.674
0.672
0.638
0.666
0.662
0.684
0.698
0.696
0.694
0.71
0.696
0.69
0.704
0.72
0.716
0.71
0.702
0.704
0.714
0.716
0.716
0.716
0.716
0.7
0.7
0.702
0.714
0.728
0.726
0.712
0.682
0.706
0.716
0.726
0.728
0.716
0.71
0.704
0.694
0.714
0.736
0.724
0.724
0.734
0.732
0.712
0.7
0.734
0.728
0.726
0.732
0.744
0.748
0.742
0.73
0.716
0.702
0.702
0.722
0.732
0.736
0.744
0.716
0.716
0.742
0.734
0.738
0.74
0.742
0.748
0.756
0.754
0.762
0.77
0.756
0.726
0.72
0.732
0.75
0.744
0.72
0.678
0.69
0.734
0.748
0.748
0.728
0.714
0.728
0.716
0.732
0.744
0.75
0.746
0.734
0.728
0.736
0.742
0.75
0.76
0.75
0.736
0.744
0.752
0.746
0.73
0.73
0.746
0.718
0.714
0.722
0.736
0.752
0.746
0.752
0.724
0.676
0.756
0.752
0.73
0.708
0.752
0.732
0.752
0.726
0.69
0.698
0.736
0.756
0.76
0.758
0.742
0.73
0.732
0.736
0.742
0.754
0.748
0.754
0.748
0.722
0.722
0.732
0.738
0.746
0.754
0.754
0.752
0.736
0.716
0.732
0.73
0.738
0.738
0.722
0.716
0.736
0.742
0.744
0.746
0.742
0.73
0.73
0.724
0.742
0.752
0.74
0.746
0.746
0.744
0.744
0.75
0.746
0.748
0.738
0.726
0.722
0.73
0.748
0.754
0.752
0.742
0.728
0.722
0.718
0.748
0.746
0.744
0.744
0.744
0.734
0.69
0.7
0.736
0.72
0.744
0.674
0.7
0.742
0.748
0.69
0.766
0.726
0.684
0.672
0.728
0.748
0.748
0.696
0.67
0.73
0.738
0.718
0.736
0.758
0.764
0.744
0.732
0.728
0.74
0.75
0.75
0.752
0.758
0.754
0.758
0.756
0.752
0.756
0.76
0.756
0.752
0.74
0.74
0.738
0.748
0.754
0.748
0.746
0.738
0.734
0.744
0.756
0.754
0.754
