0.538
0.63
0.634
0.738
0.712
0.716
0.716
0.71
0.716
0.718
0.718
0.726
0.724
0.73
0.732
0.734
0.732
0.738
0.746
0.752
0.758
0.76
0.766
0.77
0.78
0.784
0.784
0.784
0.786
0.786
0.79
0.794
0.794
0.798
0.804
0.808
0.81
0.808
0.81
0.81
0.81
0.81
0.814
0.818
0.802
0.81
0.806
0.816
0.814
0.81
0.818
0.814
0.804
0.814
0.812
0.8
0.81
0.8
0.8
0.808
0.8
0.806
0.802
0.8
0.808
0.796
0.806
0.804
0.806
0.806
0.798
0.8
0.796
0.806
0.792
0.802
0.79
0.792
0.8
0.788
0.8
0.79
0.788
0.8
0.79
0.8
0.792
0.79
0.8
0.79
0.8
0.788
0.788
0.8
0.788
0.798
0.786
0.79
0.79
0.788
0.794
0.788
0.794
0.784
0.798
0.784
0.8
0.784
0.802
0.786
0.798
0.788
0.79
0.794
0.784
0.798
0.788
0.798
0.786
0.798
0.786
0.788
0.794
0.79
0.796
0.786
0.792
0.788
0.792
0.784
0.794
0.788
0.796
0.79
0.796
0.788
0.798
0.788
0.794
0.786
0.794
0.786
0.792
0.79
0.788
0.796
0.786
0.794
0.79
0.79
0.792
0.786
0.79
0.786
0.79
0.784
0.792
0.79
0.786
0.79
0.786
0.794
0.786
0.788
0.788
0.79
0.788
0.788
0.786
0.784
0.79
0.788
0.786
0.784
0.788
0.786
0.788
0.786
0.784
0.786
0.786
0.79
0.79
0.792
0.788
0.788
0.786
0.788
0.786
0.79
0.79
0.79
0.79
0.788
0.79
0.788
0.788
0.788
0.79
0.792
0.792
0.792
0.792
0.794
0.792
0.792
0.788
0.792
0.788
0.79
0.788
0.788
0.788
0.788
0.788
0.788
0.786
0.792
0.784
0.788
0.78
0.784
0.786
0.782
0.784
0.784
0.784
0.784
0.782
0.784
0.786
0.784
0.782
0.784
0.784
0.784
0.782
0.786
0.784
0.784
0.784
0.786
0.786
0.784
0.784
0.786
0.786
0.79
0.786
0.788
0.79
0.79
0.79
0.788
0.792
0.788
0.79
0.792
0.79
0.79
0.792
0.79
0.79
0.79
0.79
0.79
0.79
0.788
0.79
0.788
0.79
0.788
0.788
0.788
0.786
0.788
0.786
0.788
0.786
0.788
0.788
0.788
0.786
0.788
0.784
0.782
0.786
0.778
0.782
0.78
0.778
0.778
0.78
0.778
0.778
0.776
0.784
0.778
0.782
0.78
