0.618
0.636
0.656
0.678
0.69
0.694
0.69
0.682
0.676
0.678
0.678
0.68
0.688
0.688
0.692
0.696
0.7
0.704
0.706
0.71
0.714
0.71
0.706
0.708
0.71
0.718
0.72
0.724
0.734
0.734
0.732
0.734
0.738
0.74
0.746
0.748
0.75
0.754
0.75
0.748
0.748
0.75
0.748
0.752
0.756
0.756
0.756
0.758
0.76
0.758
0.758
0.758
0.76
0.76
0.76
0.758
0.76
0.76
0.76
0.76
0.758
0.756
0.762
0.762
0.764
0.762
0.76
0.758
0.758
0.758
0.758
0.756
0.754
0.752
0.752
0.752
0.75
0.75
0.75
0.748
0.748
0.748
0.748
0.746
0.748
0.748
0.748
0.748
0.748
0.748
0.748
0.748
0.752
0.754
0.754
0.754
0.754
0.754
0.756
0.756
0.756
0.756
0.756
0.756
0.754
0.754
0.754
0.754
0.754
0.75
0.75
0.75
0.75
0.75
0.75
0.75
0.75
0.748
0.748
0.746
0.746
0.746
0.746
0.748
0.748
0.748
0.748
0.746
0.746
0.746
0.746
0.746
0.746
0.746
0.746
0.746
0.746
0.742
0.742
0.742
0.742
0.742
0.742
0.742
0.742
0.742
0.742
0.742
0.742
0.742
0.742
0.742
0.742
0.742
0.742
0.742
0.742
0.74
0.74
0.74
0.74
0.74
0.738
0.738
0.738
0.738
0.738
0.738
0.738
0.738
0.738
0.738
0.738
0.738
0.738
0.738
0.738
0.738
0.738
0.738
0.738
0.738
0.738
0.738
0.738
0.738
0.738
0.738
0.738
0.738
0.738
0.738
0.738
0.738
0.738
0.738
0.738
0.738
0.738
0.738
0.738
0.738
0.738
0.738
0.738
0.738
0.738
0.738
0.738
0.738
0.738
0.74
0.74
0.74
0.74
0.74
0.74
0.74
0.74
0.74
0.74
0.74
0.74
0.74
0.74
0.74
0.74
0.74
0.74
0.74
0.74
0.74
0.74
0.74
0.74
0.74
0.74
0.74
0.74
0.74
0.74
0.74
0.74
0.74
0.74
0.74
0.74
0.74
0.74
0.74
0.74
0.74
0.74
0.74
0.74
0.74
0.74
0.74
0.74
0.74
0.74
0.74
0.74
0.74
0.74
0.74
0.74
0.74
0.74
0.74
0.74
0.74
0.74
0.74
0.74
0.74
0.74
0.74
0.74
0.74
0.74
0.74
0.74
0.74
0.74
0.74
0.74
0.74
0.74
0.74
0.74
0.74
0.74
0.74
0.74
0.74
0.74
0.74
0.74
0.74
0.446
0.48
0.514
0.52
0.532
0.558
0.57
0.578
0.588
0.604
0.612
0.618
0.632
0.64
0.648
0.652
0.66
0.664
0.664
0.67
0.672
0.674
0.682
0.686
0.69
0.694
0.696
0.696
0.696
0.696
0.698
0.704
0.712
0.712
0.71
0.714
0.714
0.72
0.722
0.72
0.72
0.718
0.718
0.726
0.726
0.726
0.726
0.726
0.726
0.724
0.724
0.726
0.726
0.726
0.726
0.726
0.726
0.726
0.726
0.726
0.726
0.726
0.726
0.726
0.724
0.724
0.724
0.724
0.724
0.724
0.722
0.724
0.724
0.724
0.722
0.722
0.722
0.722
0.722
0.722
0.722
0.722
0.722
0.722
0.722
0.722
0.722
0.722
0.722
0.724
0.724
0.722
0.724
0.724
0.724
0.726
0.726
0.726
0.726
0.726
0.726
0.726
0.728
0.728
0.728
0.728
0.728
0.726
0.726
0.726
0.726
0.726
0.726
0.726
0.726
0.726
0.726
0.726
0.726
0.726
0.726
0.726
0.72
0.722
0.722
0.722
0.722
0.724
0.724
0.724
0.724
0.724
0.724
0.724
0.724
0.726
0.726
0.726
0.726
0.726
0.726
0.726
0.726
0.726
0.728
0.728
0.728
0.728
0.728
0.728
0.728
0.728
0.728
0.728
0.73
0.73
0.73
0.73
0.73
0.732
0.732
0.732
0.732
0.732
0.734
0.732
0.734
0.734
0.734
0.734
0.734
0.734
0.734
0.734
0.734
0.732
0.732
0.732
0.732
0.732
0.732
0.732
0.732
0.732
0.732
0.732
0.732
0.732
0.732
0.732
0.732
0.732
0.73
0.73
0.73
0.732
0.732
0.732
0.732
0.732
0.732
0.732
0.732
0.732
0.732
0.732
0.732
0.732
0.732
0.732
0.732
0.732
0.732
0.732
0.732
0.732
0.732
0.732
0.732
0.734
0.732
0.732
0.734
0.734
0.732
0.732
0.732
0.732
0.732
0.732
0.732
0.732
0.732
0.732
0.732
0.732
0.732
0.732
0.732
0.732
0.732
0.732
0.732
0.734
0.734
0.734
0.734
0.734
0.734
0.734
0.734
0.734
0.734
0.734
0.734
0.734
0.734
0.734
0.734
0.734
0.734
0.734
0.734
0.734
0.734
0.734
0.734
0.734
0.734
0.734
0.734
0.734
0.734
0.734
0.734
0.734
0.734
0.734
0.734
0.734
0.734
0.734
0.734
0.734
0.736
0.734
0.736
0.736
0.736
0.736
0.736
0.736
0.736
0.736
0.736
0.734
0.734
0.734
0.734
0.732
