0.618
0.638
0.664
0.666
0.674
0.684
0.678
0.676
0.674
0.672
0.666
0.66
0.662
0.664
0.662
0.662
0.664
0.666
0.67
0.674
0.674
0.678
0.68
0.686
0.692
0.704
0.716
0.718
0.722
0.724
0.732
0.736
0.74
0.746
0.744
0.746
0.748
0.748
0.752
0.754
0.754
0.752
0.754
0.756
0.76
0.754
0.752
0.75
0.75
0.748
0.75
0.75
0.748
0.748
0.746
0.746
0.748
0.748
0.748
0.748
0.75
0.75
0.75
0.75
0.75
0.752
0.754
0.754
0.754
0.754
0.754
0.754
0.754
0.754
0.754
0.75
0.75
0.75
0.748
0.748
0.748
0.748
0.75
0.752
0.752
0.752
0.752
0.752
0.752
0.752
0.752
0.752
0.756
0.756
0.756
0.756
0.756
0.756
0.758
0.756
0.758
0.758
0.758
0.758
0.758
0.758
0.758
0.758
0.758
0.758
0.758
0.758
0.758
0.756
0.756
0.756
0.756
0.756
0.756
0.756
0.756
0.756
0.756
0.756
0.758
0.76
0.76
0.76
0.76
0.76
0.76
0.76
0.758
0.758
0.758
0.758
0.758
0.758
0.758
0.758
0.758
0.758
0.758
0.758
0.758
0.758
0.758
0.758
0.758
0.758
0.758
0.758
0.758
0.758
0.758
0.76
0.76
0.76
0.76
0.758
0.758
0.758
0.758
0.758
0.758
0.758
0.758
0.758
0.758
0.758
0.758
0.758
0.758
0.758
0.758
0.758
0.758
0.758
0.758
0.758
0.758
0.758
0.758
0.758
0.758
0.758
0.758
0.758
0.758
0.758
0.758
0.758
0.758
0.758
0.758
0.758
0.758
0.758
0.758
0.758
0.758
0.758
0.758
0.758
0.758
0.758
0.758
0.758
0.758
0.758
0.758
0.758
0.758
0.758
0.758
0.758
0.758
0.758
0.758
0.758
0.758
0.758
0.758
0.758
0.758
0.758
0.758
0.758
0.758
0.756
0.756
0.756
0.756
0.756
0.756
0.756
0.756
0.756
0.756
0.756
0.756
0.756
0.756
0.756
0.756
0.756
0.756
0.756
0.756
0.756
0.756
0.756
0.756
0.756
0.756
0.756
0.756
0.756
0.756
0.756
0.756
0.756
0.756
0.756
0.756
0.756
0.756
0.756
0.756
0.756
0.756
0.756
0.756
0.756
0.756
0.756
0.756
0.756
0.756
0.756
0.756
0.756
0.756
0.756
0.756
0.756
0.756
0.756
0.756
0.756
0.756
0.756
0.756
0.756
0.756
0.756
0.756
0.756
0.756
0.756
0.594
0.598
0.606
0.614
0.612
0.604
0.608
0.612
0.63
0.636
0.636
0.644
0.648
0.656
0.66
0.664
0.668
0.664
0.666
0.664
0.676
0.678
0.686
0.698
0.7
0.708
0.714
0.716
0.718
0.72
0.728
0.73
0.734
0.736
0.744
0.742
0.746
0.748
0.75
0.75
0.752
0.748
0.746
0.744
0.746
0.746
0.746
0.744
0.742
0.74
0.74
0.74
0.742
0.744
0.746
0.746
0.742
0.742
0.744
0.744
0.744
0.744
0.744
0.742
0.742
0.742
0.74
0.74
0.74
0.742
0.742
0.742
0.742
0.742
0.744
0.744
0.744
0.744
0.742
0.742
0.746
0.746
0.746
0.746
0.746
0.744
0.744
0.746
0.746
0.746
0.746
0.746
0.746
0.746
0.744
0.744
0.744
0.744
0.742
0.742
0.742
0.742
0.742
0.74
0.74
0.74
0.74
0.74
0.74
0.74
0.74
0.74
0.742
0.742
0.742
0.742
0.742
0.742
0.742
0.742
0.742
0.742
0.742
0.742
0.74
0.738
0.738
0.738
0.736
0.734
0.734
0.734
0.734
0.734
0.734
0.734
0.734
0.734
0.734
0.734
0.734
0.734
0.734
0.734
0.734
0.732
0.73
0.73
0.73
0.73
0.73
0.73
0.73
0.73
0.73
0.73
0.73
0.73
0.73
0.73
0.73
0.73
0.728
0.728
0.728
0.728
0.728
0.728
0.728
0.728
0.728
0.728
0.728
0.728
0.728
0.726
0.726
0.726
0.726
0.726
0.726
0.724
0.724
0.724
0.724
0.724
0.724
0.724
0.724
0.724
0.724
0.724
0.724
0.724
0.724
0.724
0.724
0.724
0.724
0.724
0.724
0.726
0.726
0.726
0.726
0.726
0.726
0.726
0.726
0.726
0.726
0.726
0.726
0.726
0.726
0.726
0.726
0.726
0.724
0.724
0.724
0.724
0.724
0.724
0.724
0.724
0.724
0.724
0.724
0.724
0.724
0.724
0.724
0.724
0.724
0.724
0.724
0.724
0.724
0.726
0.724
0.724
0.726
0.726
0.726
0.726
0.726
0.726
0.726
0.726
0.726
0.726
0.726
0.726
0.726
0.726
0.726
0.726
0.724
0.724
0.726
0.724
0.724
0.724
0.724
0.724
0.724
0.724
0.724
0.724
0.724
0.724
0.724
0.724
0.724
0.724
0.724
0.724
0.724
0.724
0.724
0.724
0.724
0.724
0.724
0.724
0.724
0.724
0.724
0.724
0.724
0.724
0.724
0.724
0.724
0.724
0.724
0.724
0.724
0.724
0.68
0.686
0.682
0.686
0.686
0.688
0.694
0.69
0.69
0.69
0.7
0.708
0.712
0.72
0.728
0.734
0.74
0.748
0.746
0.75
0.756
0.754
0.76
0.758
0.762
0.762
0.766
0.766
0.768
0.766
0.764
0.764
0.762
0.764
0.76
0.76
0.762
0.76
0.76
0.76
0.76
0.758
0.762
0.764
0.762
0.762
0.76
0.76
0.762
0.762
0.76
0.758
0.758
0.758
0.756
0.758
0.758
0.754
0.754
0.754
0.754
0.754
0.752
0.752
0.75
0.75
0.75
0.752
0.754
0.754
0.754
0.754
0.754
0.754
0.754
0.75
0.75
0.75
0.752
0.752
0.752
0.752
0.752
0.754
0.754
0.754
0.756
0.754
0.754
0.754
0.754
0.754
0.754
0.754
0.754
0.754
0.752
0.752
0.752
0.752
0.752
0.752
0.752
0.752
0.752
0.752
0.752
0.752
0.752
0.752
0.752
0.75
0.75
0.748
0.748
0.748
0.748
0.748
0.748
0.748
0.748
0.748
0.746
0.746
0.746
0.746
0.746
0.746
0.746
0.744
0.744
0.742
0.742
0.742
0.742
0.742
0.74
0.742
0.74
0.74
0.74
0.74
0.74
0.74
0.74
0.74
0.74
0.74
0.74
0.74
0.74
0.74
0.738
0.738
0.738
0.738
0.738
0.738
0.738
0.738
0.738
0.738
0.738
0.738
0.738
0.738
0.738
0.738
0.738
0.738
0.738
0.738
0.738
0.738
0.738
0.738
0.738
0.738
0.736
0.736
0.736
0.736
0.736
0.736
0.736
0.736
0.736
0.736
0.736
0.736
0.736
0.736
0.736
0.736
0.736
0.736
0.736
0.736
0.736
0.736
0.736
0.736
0.736
0.736
0.736
0.736
0.736
0.736
0.736
0.736
0.736
0.736
0.736
0.736
0.736
0.736
0.736
0.736
0.736
0.736
0.736
0.736
0.736
0.736
0.736
0.736
0.736
0.736
0.736
0.736
0.736
0.736
0.736
0.736
0.736
0.736
0.736
0.736
0.736
0.736
0.736
0.736
0.736
0.736
0.736
0.736
0.736
0.736
0.736
0.736
0.736
0.736
0.736
0.736
0.736
0.736
0.736
0.736
0.736
0.736
0.736
0.734
0.734
0.732
0.734
0.732
0.732
0.734
0.732
0.732
0.732
0.732
0.732
0.732
0.732
0.732
0.732
0.732
0.732
0.732
0.732
0.732
0.732
0.732
0.732
0.732
0.732
0.732
0.732
0.732
0.732
0.732
0.732
0.732
0.732
0.732
0.732
0.732
0.732
0.732
