0.52
0.526
0.716
0.704
0.706
0.702
0.7
0.708
0.7
0.706
0.704
0.706
0.708
0.708
0.708
0.72
0.722
0.728
0.732
0.74
0.742
0.748
0.756
0.766
0.78
0.786
0.792
0.794
0.798
0.79
0.796
0.788
0.792
0.792
0.792
0.794
0.802
0.8
0.802
0.808
0.808
0.81
0.808
0.81
0.814
0.808
0.812
0.81
0.81
0.81
0.808
0.81
0.808
0.812
0.806
0.812
0.808
0.81
0.81
0.808
0.808
0.81
0.806
0.81
0.806
0.806
0.81
0.804
0.808
0.806
0.8
0.804
0.804
0.8
0.806
0.802
0.8
0.806
0.8
0.8
0.806
0.8
0.802
0.794
0.798
0.794
0.8
0.788
0.802
0.794
0.796
0.798
0.792
0.798
0.794
0.798
0.792
0.796
0.794
0.796
0.794
0.792
0.798
0.79
0.796
0.792
0.796
0.794
0.792
0.794
0.794
0.792
0.794
0.796
0.792
0.796
0.79
0.794
0.792
0.794
0.796
0.792
0.796
0.794
0.796
0.792
0.796
0.794
0.798
0.792
0.794
0.794
0.796
0.792
0.794
0.794
0.794
0.794
0.794
0.796
0.794
0.8
0.792
0.798
0.792
0.798
0.794
0.796
0.796
0.792
0.798
0.792
0.8
0.792
0.796
0.79
0.788
0.79
0.796
0.792
0.794
0.794
0.792
0.796
0.792
0.798
0.792
0.798
0.792
0.796
0.79
0.794
0.792
0.794
0.792
0.79
0.794
0.79
0.796
0.792
0.796
0.792
0.79
0.79
0.79
0.792
0.796
0.79
0.792
0.796
0.792
0.794
0.792
0.798
0.79
0.796
0.79
0.79
0.794
0.79
0.798
0.79
0.796
0.79
0.794
0.79
0.792
0.79
0.792
0.79
0.79
0.792
0.79
0.794
0.79
0.796
0.79
0.794
0.792
0.794
0.794
0.792
0.79
0.792
0.79
0.794
0.79
0.796
0.792
0.792
0.792
0.79
0.794
0.79
0.794
0.79
0.794
0.792
0.794
0.79
0.79
0.79
0.79
0.788
0.792
0.792
0.792
0.796
0.788
0.796
0.788
0.796
0.79
0.792
0.792
0.79
0.792
0.788
0.79
0.79
0.79
0.788
0.79
0.79
0.792
0.792
0.79
0.792
0.788
0.792
0.786
0.79
0.784
0.79
0.792
0.786
0.784
0.788
0.786
0.788
0.788
0.792
0.792
0.792
0.788
0.792
0.79
0.788
0.794
0.788
0.794
0.792
0.788
0.794
0.79
0.794
0.79
0.788
0.79
0.79
