0.384
0.19
0.284
0.4
0.496
0.556
0.716
0.69
0.698
0.694
0.74
0.678
0.788
0.768
0.758
0.748
0.71
0.73
0.77
0.79
0.782
0.78
0.782
0.784
0.768
0.756
0.742
0.744
0.746
0.746
0.75
0.758
0.758
0.758
0.758
0.748
0.752
0.746
0.748
0.758
0.762
0.764
0.762
0.762
0.752
0.754
0.762
0.77
0.776
0.776
0.774
0.766
0.752
0.752
0.754
0.758
0.756
0.756
0.756
0.756
0.746
0.736
0.736
0.738
0.734
0.73
0.74
0.75
0.752
0.744
0.746
0.752
0.742
0.694
0.766
0.736
0.688
0.7
0.734
0.728
0.734
0.73
0.73
0.75
0.77
0.774
0.776
0.77
0.752
0.762
0.766
0.774
0.772
0.774
0.766
0.772
0.768
0.768
0.768
0.768
0.768
0.766
0.768
0.77
0.77
0.77
0.772
0.778
0.776
0.774
0.77
0.752
0.75
0.746
0.744
0.746
0.74
0.736
0.748
0.758
0.77
0.77
0.774
0.77
0.768
0.766
0.768
0.768
0.76
0.75
0.762
0.75
0.74
0.738
0.76
0.762
0.752
0.752
0.754
0.75
0.752
0.746
0.748
0.756
0.76
0.754
0.766
0.768
0.77
0.77
0.766
0.762
0.758
0.754
0.748
0.748
0.762
0.762
0.764
0.754
0.74
0.718
0.744
0.752
0.766
0.772
0.758
0.74
0.726
0.67
0.754
0.568
0.704
0.76
0.762
0.764
0.75
0.748
0.75
0.748
0.746
0.752
0.762
0.762
0.76
0.76
0.768
0.762
0.758
0.756
0.76
0.76
0.762
0.762
0.768
0.766
0.77
0.766
0.762
0.764
0.768
0.77
0.77
0.772
0.78
0.78
0.78
0.78
0.77
0.774
0.776
0.764
0.764
0.774
0.78
0.774
0.774
0.78
0.778
0.784
0.782
0.772
0.766
0.768
0.768
0.768
0.766
0.768
0.762
0.766
0.762
0.76
0.76
0.76
0.758
0.756
0.76
0.768
0.774
0.764
0.77
0.768
0.766
0.77
0.776
0.768
0.764
0.76
0.75
0.752
0.746
0.754
0.754
0.766
0.77
0.762
0.76
0.756
0.76
0.752
0.754
0.758
0.754
0.754
0.754
0.756
0.766
0.764
0.77
0.776
0.77
0.762
0.764
0.766
0.77
0.752
0.754
0.754
0.758
0.754
0.748
0.752
0.752
0.756
0.758
0.758
0.774
0.774
0.766
0.762
0.758
0.754
0.756
0.766
0.762
0.766
0.77
0.768
0.76
0.76
