0.264
0.348
0.372
0.364
0.378
0.394
0.416
0.298
0.34
0.39
0.288
0.408
0.476
0.428
0.462
0.418
0.404
0.536
0.542
0.55
0.54
0.532
0.562
0.592
0.61
0.59
0.574
0.622
0.618
0.578
0.676
0.666
0.672
0.662
0.682
0.664
0.682
0.722
0.728
0.734
0.734
0.702
0.694
0.722
0.726
0.72
0.73
0.736
0.724
0.708
0.69
0.718
0.728
0.728
0.738
0.748
0.744
0.74
0.74
0.742
0.726
0.702
0.75
0.748
0.722
0.736
0.738
0.734
0.748
0.758
0.722
0.72
0.746
0.76
0.748
0.736
0.728
0.728
0.73
0.732
0.734
0.744
0.75
0.744
0.74
0.736
0.732
0.738
0.742
0.744
0.738
0.744
0.744
0.758
0.758
0.746
0.742
0.746
0.76
0.76
0.754
0.742
0.742
0.748
0.754
0.74
0.75
0.746
0.75
0.734
0.742
0.758
0.752
0.738
0.758
0.752
0.734
0.738
0.748
0.754
0.758
0.752
0.74
0.736
0.74
0.74
0.742
0.75
0.742
0.746
0.746
0.734
0.74
0.742
0.752
0.748
0.748
0.744
0.75
0.746
0.74
0.75
0.742
0.75
0.752
0.752
0.748
0.746
0.748
0.754
0.746
0.77
0.752
0.746
0.74
0.73
0.728
0.762
0.758
0.738
0.732
0.758
0.754
0.746
0.742
0.764
0.772
0.772
0.764
0.768
0.76
0.756
0.758
0.748
0.752
0.74
0.732
0.744
0.75
0.752
0.748
0.74
0.738
0.738
0.752
0.756
0.756
0.746
0.736
0.75
0.744
0.734
0.734
0.744
0.76
0.752
0.754
0.756
0.73
0.726
0.726
0.728
0.746
0.744
0.744
0.742
0.752
0.742
0.736
0.738
0.744
0.744
0.752
0.756
0.76
0.756
0.758
0.75
0.752
0.754
0.762
0.764
0.756
0.74
0.728
0.728
0.744
0.744
0.762
0.744
0.724
0.712
0.728
0.728
0.724
0.728
0.732
0.724
0.724
0.742
0.736
0.73
0.73
0.724
0.71
0.716
0.726
0.728
0.732
0.74
0.752
0.748
0.756
0.73
0.716
0.716
0.722
0.74
0.732
0.742
0.726
0.726
0.73
0.734
0.736
0.74
0.734
0.732
0.732
0.73
0.74
0.74
0.744
0.748
0.748
0.752
0.748
0.738
0.73
0.732
0.732
0.742
0.752
0.746
0.74
0.738
0.74
0.734
0.736
0.732
0.714
0.72
0.73
0.708
0.726
0.726
0.732
0.722
0.722
0.73
