0.164
0.122
0.168
0.168
0.25
0.216
0.26
0.28
0.372
0.292
0.38
0.446
0.504
0.502
0.562
0.544
0.38
0.552
0.546
0.552
0.552
0.574
0.59
0.628
0.604
0.618
0.632
0.652
0.608
0.634
0.678
0.678
0.652
0.626
0.688
0.688
0.68
0.626
0.672
0.69
0.676
0.674
0.688
0.702
0.704
0.706
0.664
0.668
0.684
0.662
0.64
0.684
0.69
0.686
0.7
0.66
0.664
0.694
0.706
0.692
0.694
0.714
0.712
0.688
0.694
0.684
0.696
0.698
0.696
0.698
0.692
0.708
0.712
0.724
0.716
0.702
0.708
0.72
0.724
0.718
0.7
0.69
0.688
0.688
0.694
0.72
0.728
0.724
0.676
0.688
0.702
0.708
0.714
0.698
0.692
0.692
0.716
0.732
0.722
0.716
0.708
0.712
0.732
0.726
0.732
0.728
0.734
0.746
0.744
0.718
0.72
0.722
0.736
0.736
0.736
0.692
0.662
0.656
0.714
0.734
0.75
0.732
0.662
0.748
0.712
0.704
0.654
0.678
0.732
0.758
0.74
0.722
0.692
0.692
0.726
0.748
0.762
0.744
0.726
0.7
0.702
0.71
0.732
0.734
0.744
0.738
0.728
0.706
0.704
0.704
0.73
0.74
0.742
0.734
0.734
0.722
0.732
0.744
0.744
0.748
0.746
0.744
0.72
0.698
0.688
0.718
0.736
0.742
0.732
0.742
0.734
0.726
0.71
0.714
0.704
0.704
0.738
0.762
0.762
0.748
0.73
0.73
0.73
0.73
0.74
0.738
0.738
0.726
0.724
0.738
0.72
0.728
0.748
0.746
0.744
0.75
0.758
0.742
0.738
0.754
0.758
0.75
0.748
0.726
0.72
0.73
0.734
0.752
0.754
0.74
0.72
0.722
0.732
0.74
0.744
0.748
0.75
0.75
0.744
0.742
0.75
0.73
0.744
0.75
0.748
0.728
0.706
0.702
0.734
0.756
0.756
0.76
0.748
0.732
0.732
0.75
0.752
0.756
0.762
0.732
0.722
0.724
0.734
0.74
0.75
0.748
0.736
0.716
0.708
0.702
0.72
0.738
0.744
0.746
0.74
0.712
0.726
0.734
0.736
0.74
0.738
0.724
0.718
0.71
0.724
0.74
0.758
0.742
0.726
0.73
0.744
0.748
0.754
0.734
0.702
0.71
0.75
0.768
0.766
0.746
0.69
0.696
0.748
0.746
0.756
0.764
0.728
0.704
0.736
0.736
0.744
0.744
0.738
0.74
0.744
0.752
0.748
0.758
0.768
0.762
