0.294
0.298
0.274
0.336
0.328
0.322
0.3
0.242
0.266
0.254
0.234
0.262
0.27
0.328
0.474
0.534
0.618
0.62
0.568
0.6
0.614
0.632
0.608
0.656
0.658
0.634
0.646
0.614
0.626
0.618
0.66
0.668
0.67
0.684
0.652
0.676
0.654
0.65
0.66
0.65
0.628
0.648
0.69
0.678
0.68
0.684
0.692
0.688
0.688
0.7
0.702
0.684
0.68
0.684
0.702
0.702
0.692
0.694
0.704
0.692
0.722
0.702
0.682
0.608
0.662
0.722
0.714
0.728
0.714
0.696
0.66
0.7
0.712
0.698
0.696
0.678
0.7
0.694
0.69
0.694
0.688
0.694
0.7
0.702
0.694
0.68
0.664
0.668
0.678
0.69
0.706
0.718
0.728
0.704
0.694
0.682
0.684
0.684
0.686
0.694
0.702
0.7
0.706
0.698
0.674
0.674
0.656
0.658
0.69
0.692
0.702
0.698
0.698
0.7
0.686
0.688
0.694
0.706
0.71
0.708
0.706
0.706
0.688
0.682
0.696
0.698
0.708
0.694
0.644
0.652
0.686
0.718
0.714
0.704
0.672
0.592
0.632
0.694
0.712
0.724
0.722
0.722
0.692
0.716
0.72
0.708
0.698
0.704
0.704
0.716
0.71
0.722
0.73
0.722
0.708
0.7
0.696
0.688
0.68
0.696
0.702
0.704
0.698
0.68
0.694
0.698
0.708
0.724
0.718
0.714
0.704
0.688
0.698
0.706
0.708
0.71
0.716
0.704
0.69
0.69
0.684
0.674
0.656
0.67
0.69
0.704
0.708
0.71
0.712
0.706
0.7
0.716
0.722
0.72
0.7
0.68
0.664
0.67
0.684
0.714
0.722
0.71
0.706
0.68
0.644
0.682
0.698
0.71
0.712
0.704
0.696
0.694
0.71
0.71
0.714
0.73
0.732
0.73
0.72
0.662
0.682
0.722
0.712
0.726
0.686
0.654
0.662
0.644
0.682
0.69
0.716
0.72
0.704
0.732
0.74
0.73
0.72
0.71
0.712
0.734
0.726
0.724
0.712
0.718
0.718
0.72
0.724
0.718
0.706
0.716
0.708
0.706
0.714
0.71
0.72
0.722
0.728
0.728
0.734
0.736
0.734
0.736
0.734
0.734
0.724
0.702
0.7
0.72
0.732
0.72
0.726
0.71
0.68
0.684
0.71
0.728
0.728
0.73
0.738
0.732
0.726
0.724
0.738
0.732
0.726
0.724
0.732
0.738
0.73
0.72
0.714
0.72
0.704
0.712
0.728
0.726
0.71
0.692
0.706
0.694
