0.264
0.322
0.358
0.308
0.298
0.358
0.262
0.366
0.378
0.41
0.438
0.468
0.544
0.336
0.44
0.444
0.476
0.456
0.46
0.626
0.574
0.514
0.546
0.67
0.696
0.66
0.646
0.592
0.662
0.63
0.632
0.694
0.684
0.674
0.686
0.648
0.66
0.654
0.66
0.684
0.684
0.694
0.672
0.668
0.692
0.688
0.684
0.656
0.666
0.666
0.656
0.658
0.68
0.674
0.676
0.684
0.688
0.68
0.67
0.672
0.694
0.692
0.69
0.706
0.678
0.674
0.682
0.686
0.692
0.678
0.682
0.678
0.676
0.682
0.692
0.692
0.696
0.702
0.7
0.702
0.7
0.67
0.672
0.666
0.666
0.67
0.67
0.68
0.67
0.662
0.65
0.686
0.688
0.684
0.686
0.69
0.698
0.704
0.7
0.68
0.694
0.682
0.688
0.688
0.692
0.698
0.704
0.704
0.704
0.696
0.704
0.692
0.67
0.67
0.686
0.69
0.702
0.698
0.688
0.67
0.676
0.67
0.664
0.674
0.692
0.694
0.686
0.682
0.67
0.69
0.686
0.686
0.684
0.672
0.664
0.664
0.668
0.676
0.692
0.69
0.696
0.7
0.694
0.698
0.7
0.7
0.704
0.698
0.692
0.696
0.69
0.69
0.684
0.688
0.694
0.686
0.698
0.692
0.692
0.696
0.69
0.674
0.67
0.68
0.664
0.688
0.688
0.69
0.672
0.646
0.648
0.676
0.692
0.692
0.69
0.696
0.694
0.702
0.7
0.696
0.702
0.708
0.712
0.71
0.708
0.72
0.716
0.728
0.722
0.726
0.712
0.694
0.694
0.688
0.684
0.684
0.688
0.696
0.682
0.676
0.692
0.708
0.71
0.706
0.7
0.688
0.702
0.692
0.69
0.676
0.668
0.682
0.676
0.684
0.682
0.666
0.68
0.694
0.678
0.684
0.678
0.662
0.672
0.688
0.706
0.704
0.698
0.676
0.672
0.688
0.7
0.696
0.708
0.7
0.702
0.706
0.72
0.704
0.708
0.698
0.686
0.69
0.688
0.688
0.686
0.69
0.692
0.684
0.678
0.686
0.688
0.688
0.692
0.69
0.692
0.702
0.704
0.698
0.696
0.702
0.696
0.698
0.694
0.688
0.672
0.668
0.674
0.69
0.682
0.678
0.672
0.664
0.666
0.662
0.67
0.676
0.67
0.69
0.688
0.684
0.69
0.682
0.67
0.664
0.68
0.674
0.682
0.672
0.686
0.62
0.644
0.676
0.672
0.67
0.694
0.692
0.688
0.69
0.694
0.692
