0.122

0.162

0.162

0.162

0.21

0.122

0.122

0.122

0.274

0.256

0.216

0.238

0.22

0.256

0.23

0.348

0.45

0.442

0.464

0.408

0.378

0.536

0.536

0.496

0.426

0.53

0.652

0.63

0.604

0.61

0.606

0.668

0.668

0.632

0.656

0.682

0.702

0.728

0.65

0.686

0.698

0.716

0.718

0.704

0.706

0.676

0.694

0.724

0.742

0.702

0.714

0.712

0.716

0.708

0.684

0.696

0.69

0.71

0.71

0.734

0.716

0.706

0.682

0.696

0.714

0.708

0.698

0.674

0.674

0.682

0.678

0.692

0.7

0.704

0.71

0.69

0.698

0.702

0.676

0.652

0.654

0.676

0.69

0.698

0.686

0.682

0.668

0.692

0.706

0.692

0.69

0.682

0.692

0.698

0.698

0.698

0.688

0.68

0.664

0.68

0.69

0.712

0.708

0.682

0.648

0.654

0.698

0.646

0.678

0.624

0.636

0.678

0.714

0.724

0.712

0.688

0.664

0.678

0.7

0.716

0.7

0.68

0.66

0.672

0.686

0.708

0.7

0.7

0.696

0.684

0.676

0.682

0.69

0.7

0.698

0.702

0.712

0.702

0.684

0.676

0.696

0.702

0.7

0.702

0.704

0.702

0.694

0.694

0.696

0.702

0.718

0.698

0.694

0.682

0.676

0.672

0.688

0.692

0.694

0.69

0.678

0.684

0.686

0.692

0.706

0.682

0.672

0.648

0.656

0.682

0.686

0.676

0.672

0.676

0.678

0.69

0.688

0.7

0.7

0.684

0.682

0.682

0.678

0.664

0.682

0.672

0.662

0.672

0.672

0.668

0.674

0.676

0.686

0.708

0.7

0.694

0.676

0.682

0.666

0.66

0.656

0.682

0.68

0.67

0.658

0.666

0.686

0.714

0.73

0.724

0.714

0.706

0.708

0.69

0.686

0.676

0.68

0.696

0.684

0.636

0.624

0.68

0.686

0.676

0.534

0.684

0.634

0.622

0.332

0.67

0.65

0.604

0.734

0.738

0.612

0.586

0.608

0.64

0.664

0.726

0.718

0.718

0.704

0.682

0.686

0.69

0.674

0.684

0.69

0.698

0.698

0.714

0.746

0.744

0.744

0.738

0.74

0.734

0.736

0.724

0.73

0.726

0.72

0.722

0.726

0.732

0.72

0.72

0.73

0.728

0.73

0.734

0.742

0.736

0.734

0.732

0.73

0.722

0.722

0.718

0.722

0.726

0.732

0.73

0.726

0.72

0.718

0.716

0.718

0.72

0.716

0.712

0.72

0.712

0.71

0.726

0.722

0.72

0.712

0.712

0.122
0.122
0.122
0.122
0.122
0.148
0.128
0.178
0.2
0.24
0.196
0.302
0.382
0.46
0.512
0.47
0.518
0.508
0.586
0.608
0.638
0.624
0.642
0.632
0.59
0.702
0.666
0.724
0.652
0.682
0.69
0.662
0.704
0.678
0.582
0.684
0.696
0.648
0.714
0.688
0.662
0.67
0.702
0.726
0.704
0.656
0.702
0.71
0.718
0.718
0.71
0.724
0.736
0.742
0.742
0.752
0.756
0.702
0.7
0.736
0.736
0.74
0.742
0.728
0.744
0.748
0.71
0.696
0.738
0.744
0.736
0.754
0.716
0.718
0.742
0.76
0.754
0.75
0.742
0.736
0.75
0.754
0.746
0.746
0.754
0.754
0.756
0.738
0.716
0.744
0.718
0.72
0.73
0.744
0.734
0.726
0.714
0.698
0.714
0.73
0.724
0.726
0.674
0.688
0.718
0.738
0.722
0.724
0.706
0.676
0.712
0.714
0.724
0.754
0.734
0.71
0.74
0.76
0.756
0.76
0.752
0.726
0.734
0.736
0.754
0.73
0.748
0.756
0.748
0.746
0.752
0.76
0.76
0.76
0.758
0.754
0.748
0.742
0.744
0.752
0.754
0.748
0.742
0.746
0.728
0.726
0.742
0.744
0.744
0.738
0.736
0.728
0.724
0.738
0.724
0.716
0.72
0.71
0.716
0.738
0.74
0.742
0.738
0.738
0.73
0.726
0.722
0.726
0.732
0.722
0.75
0.742
0.73
0.744
0.734
0.73
0.732
0.732
0.724
0.73
0.736
0.742
0.736
0.734
0.712
0.744
0.744
0.75
0.764
0.744
0.754
0.752
0.724
0.758
0.736
0.7
0.718
0.752
0.738
0.738
0.738
0.742
0.738
0.724
0.738
0.742
0.748
0.746
0.74
0.736
0.736
0.744
0.748
0.75
0.746
0.73
0.718
0.74
0.746
0.75
0.744
0.724
0.716
0.728
0.742
0.732
0.728
0.726
0.732
0.736
0.748
0.748
0.754
0.748
0.742
0.746
0.732
0.734
0.742
0.748
0.746
0.732
0.73
0.734
0.736
0.746
0.748
0.744
0.746
0.75
0.756
0.758
0.75
0.754
0.76
0.768
0.758
0.77
0.778
0.732
0.734
0.772
0.76
0.754
0.764
0.75
0.678
0.752
0.644
0.456
0.688
0.578
0.642
0.676
0.614
0.68
0.576
0.68
0.742
0.668
0.692
0.722
0.726
0.692
0.732
0.754
0.726
0.696
0.73
0.768
0.77
0.77
0.776
0.77
0.77
0.768
0.768
0.772
0.768
0.77
0.1220.1220.1220.1220.2080.1620.1620.2160.220.2440.2440.2660.2760.280.2720.4140.4220.2740.2640.3120.3260.3940.3280.4020.3220.3080.2940.3220.3740.3680.3780.3540.4020.3920.4340.4840.4460.4720.4520.4420.4640.4520.5420.5540.560.5560.490.60.5440.610.5360.6320.6340.6440.6040.6460.6880.6920.6840.6620.660.6680.6820.6820.6520.650.630.6420.6640.6480.6540.670.660.6840.6840.6780.6640.6120.6580.6660.6920.6680.6340.6380.670.6640.6820.6860.680.6680.6660.6680.6720.6760.6540.6460.6640.680.6980.6960.6980.6740.6560.680.6820.6720.6640.6460.630.6580.6780.680.6920.6640.6640.6680.6560.6540.6880.6580.6320.6760.6660.660.680.680.660.6420.6540.6460.680.6860.6780.660.6620.6780.6760.6640.6580.670.670.6680.6680.6840.680.6720.680.6680.6640.6620.680.6740.6720.6640.6920.6720.6680.680.670.680.6960.680.6940.6920.6460.6660.70.6760.6920.6760.6860.6940.690.6880.6760.6640.6720.6880.6820.6580.630.6440.6680.6340.6140.4580.610.6040.6180.6080.550.6380.690.6220.6240.6760.70.6780.6920.6980.7060.70.6980.7140.7160.7160.7220.7160.7180.7080.7180.720.7160.7080.6960.6960.7040.7040.7020.7160.7160.7140.7040.6880.6840.690.6920.6960.6980.6920.6960.7040.70.690.6760.680.6940.6960.6920.6880.6860.6860.690.690.6820.6860.690.6940.6920.6920.6960.70.6980.6980.690.6860.6780.6860.6980.7080.7080.7020.7020.6920.690.6980.6940.690.6940.6960.70.6980.6960.6920.7020.70.6960.690.690.690.6860.6880.6860.6880.6780.6840.6840.690.6940.7060.6960.7080.7140.7040.7040.6980.6980.70.6720.6880.114
0.122
0.122
0.122
0.122
0.122
0.354
0.192
0.204
0.242
0.282
0.274
0.476
0.46
0.374
0.61
0.68
0.54
0.622
0.694
0.58
0.622
0.668
0.68
0.668
0.716
0.692
0.712
0.686
0.644
0.604
0.71
0.726
0.724
0.682
0.65
0.716
0.724
0.73
0.696
0.664
0.668
0.692
0.714
0.714
0.72
0.722
0.706
0.714
0.726
0.734
0.744
0.734
0.72
0.708
0.716
0.722
0.728
0.728
0.734
0.718
0.714
0.714
0.728
0.726
0.746
0.744
0.75
0.726
0.68
0.692
0.72
0.712
0.728
0.708
0.706
0.682
0.71
0.724
0.718
0.744
0.724
0.676
0.686
0.696
0.742
0.76
0.744
0.706
0.648
0.686
0.722
0.742
0.754
0.744
0.704
0.678
0.682
0.712
0.738
0.758
0.744
0.728
0.724
0.702
0.686
0.72
0.742
0.724
0.74
0.764
0.776
0.762
0.752
0.714
0.694
0.71
0.73
0.738
0.736
0.736
0.744
0.748
0.748
0.744
0.746
0.744
0.746
0.742
0.76
0.752
0.744
0.72
0.684
0.738
0.744
0.742
0.766
0.726
0.708
0.74
0.732
0.73
0.74
0.734
0.716
0.706
0.736
0.746
0.752
0.762
0.76
0.746
0.744
0.746
0.754
0.762
0.762
0.752
0.762
0.762
0.756
0.74
0.752
0.754
0.74
0.75
0.738
0.724
0.738
0.762
0.758
0.744
0.748
0.738
0.75
0.73
0.72
0.744
0.738
0.756
0.714
0.71
0.744
0.744
0.754
0.74
0.698
0.682
0.708
0.748
0.732
0.742
0.746
0.736
0.684
0.728
0.738
0.73
0.732
0.73
0.746
0.742
0.732
0.712
0.69
0.668
0.678
0.648
0.738
0.544
0.754
0.722
0.622
0.692
0.744
0.734
0.672
0.664
0.676
0.728
0.724
0.712
0.712
0.744
0.738
0.736
0.742
0.738
0.708
0.704
0.718
0.738
0.75
0.754
0.756
0.762
0.762
0.764
0.772
0.772
0.764
0.768
0.768
0.77
0.768
0.768
0.766
0.766
0.764
0.76
0.764
0.768
0.77
0.776
0.772
0.77
0.768
0.768
0.764
0.77
0.76
0.756
0.754
0.756
0.764
0.768
0.764
0.752
0.736
0.766
0.756
0.76
0.752
0.74
0.738
0.742
0.722
0.758
0.75
0.748
0.742
0.74
0.746
0.75
0.728
0.712
0.746
0.734
0.722
0.75
0.726
0.672
0.71
0.726
0.74
0.754
0.754
0.746
0.738
